$ANSIBLE_VAULT;1.1;AES256
61326461666565343333336238366630643830653030353637626164383139633932663630366163
3663393739666661613862303037376237366232353637370a313061666665353462376337373161
38396239316330376339333865633663346634336335323364386333346461393634343330303564
3964636565613635320a646662643831626333623864396538633161333961363462313338353530
62346263386538633365346134313832633537343931313232326339663735623462636431343235
30663530393566636134663864313437643838326562373262303335633363383434623966373762
64653037346535383938393133303366376230313437363863306635333439633832313334386564
31616539333236303434636464306631376362356537333439363235306433636238343161333939
32653633326262343264626266363431313536326663363862626563383234383464663332313934
31376435383764346363336132306161343136386632303961363261656239666232623966376537
63393266363335303635313061623935613831363735396162356132666336373736303932633930
32386238633731386338333065326137336339353264636333323135366335396139653838323661
35383337306635336564336132363131333938396266393739363665363830396330633865363066
31303664616264323139333566356337303835396336366363666664666262306238393939663237
39333939376338636564396230636265626266356561393638363438626564646265663365363362
38366532316261393061666336316664333563323566356537643836383933343636643933633736
33626463633766373962323436383438393034633734356134313530633032313038356361363436
35363932376530303466646261633132386534333461613634386135393238363731363238656136
32373064316266313236386138393931613033643537646435363635373132336433666431303236
66376530333239353938393730346366323038653232613431626361643235623730636361306235
39353961623163613065623134343734336332306365653964613837313334633137303334313933
37376465323536303936376533306630643436383031393764633831323430333238313032623763
31353865303861353733323932623335306639373861366633663438393839313862623363313166
30393966626332626664636231643064633761346364326566383432666162646438316133383964
30333734653133363531643939356135363338333837646363316432383331306663336238303764
32636439326632613661373331313136396535343333653836623533643635636165646662363565
65643230373261363164313934353634396433356461326336313537376133653537383762313830
33306136643336316565353861623236316364346262646532313864386639356161333662636161
36336464326133393263346639326264646530373439346265386330653966356539393238643433
38333263316531323537363139306335636434616237616365626437623439633266316462323036
36343531383132663166623564316165393632613333363233346630646435333335383138626366
64643535356637396565373762653332353732386366643232353431663231386533303564303466
33323762373362653732386563336662623965613834646239303930373137366438633331326333
35663130356261306339613764666237393331303536623764366464306565316666393131303366
31393266396466346633383233343233353863373733333831343164313965613739356161333136
65646131373631343362633833303366363964623234663834643839326238393663316136326165
30626139333637633963616330386230393738353633656466613234616233386636653431396262
64616633383533623738323161363036323835616163373932346334343139336537356563646231
63313137373863313063653734363532623931306661386436386132663931343135373563663333
65356161313632633534323165303262663761356363663762313438356433663932303638396430
64623661373064636263343035313337366466383239623563313032336663626430306338643138
34376634386634633831303836666265353137356632663339363262316161373762653932623061
61356430313132343635323662333038663638643737646534346530383437386532346334353035
35386237333137353737313262353761616230356530303366306466616334373463623032663035
36346435343033303665356331633238333534333436663964616565653563626362313937353938
31333263623134393761333037323831333465633934626638636364333763666438376361366161
39366661356666613638316664623935373839376536333562623864303733373163636438386636
39626536613532653366363433316234323633326234373934666632646664303538643363336232
34383361616538386161653834653438616531613263656538393039346333663739373137333561
63663837653736326334323966656332396639343538623932303364643265386664636637373730
30646139383462666631386434616135356432383833336135623363643465393637623939313733
37636664663735303766353334643261313337363737353635386338643935646533376135363366
63323330306331653862613065633237613534306631383932646631663333393464353432646664
30633363616533613766323637616130643565636166343565383963326162343134646232303136
61643939346332323835663265313463303366383264366639383837353331666465316633616630
34653238363861373133316566663066323632636263653737343966393431646164656431356362
32363432643631616634393731353763656531623839363836366333663932663263653939616337
39636439616161663938336432306539376263633865366562626530333631323037333438323031
32386632306239323634646465633233613332623766333839663165626135353933643132323038
66373365643530626437366337333836653363613935386163353537376261306434613063653730
63656462393161323338633764653532613162333965326463316161373134336562646137633463
64393631643337373932306132396532316434663562646239326633616539363134386663323934
64393534363038383234626630386635373264356130616638343063303235653434306132623835
36653733333063663338333461656334633235363063383138396262376265666566313864613936
38393462623835326263656433343730343735303061343766633165313364343331386162333130
65343931363132663264336663616635326362383935353839303930366136323065666333323036
34616465633130373764613235646537633264663236616161326538346464636265333734643837
39326262616438353065303136356538643135376336313065373536633436303038316634343437
38363334633065363334316630663536663832626532636661643638343763366631323331333866
32653739643635383134623132663732396163383862626135376130653938623461343830323230
63373466336232623561356439386136623661356337353334393764653732353938323436623934
64333331373530313562353735313961336631333537653038353233633463306332616263663165
37383934363063666236323730366363393561303239376135383834373964323436393163626331
30363639393138323163363263343935643530313566313534316161333139353638623135316339
65383033323833633937396134386634356436303034313239656365626139656234336662653037
63616161373766353961626162323635303534383538613835343762323430666234316137663561
65363061633137623864373965633764376430386532356238323038373564386566656138646663
39316361313063336433643366313465313238373063366430353839623035636234393139323531
37646363663332633230633531376135393537363336636233333264343033613134653933643137
33643232396364333462303430646331313961336466343065383733633031623530316336386133
36343162356436626435396666303763393132383731373463376238313565386230646635316366
35623265353237623566643238343636343165326264313837323065383636666564623335396532
38653763363538306436626165643531336638626233663838633037363134306332653334653962
65356535323933303338303565633233326231343131323230306332666662373330383830363039
62636631633562636138626563333532356433313237353366616662323533363137383966623066
36383063326364646632363135343564646636313935326562346263626639393135653734633866
62616262363564393631366264356662363365633862326666303561313234653264353237656338
36343337396165616233363930653262373434656532336239316339376466363833376334643764
33353835626266643438313730303232636239323064393339643461623439303630393866623433
64303131393166346438383964376238656365316631653836366630373064363237373032393632
35656364303136313131383737666161393336643637633836366131343639346236623061323962
63303733313564333930316463623264623066366330356539666663386361643163316231636133
37646366386461646533396138393536613964323537376464626632333530303538346134653336
66663862306339353564336433353964313432333334396362616638653839643738663964623339
35386463386236643036346239396662306463656130633134326330376433663935316339356637
30613933336335393735653531363039376230313666336535653037323234333735633765393265
36376335363865623139336638356633613138653932613838613336323035313832656339326633
64323033323338343662343365366539353033636530653631643038383539626461363034306462
62626433306561643234383737383966643138353164303738386135643234333036343265363366
63656664386135396366633463306666356336663932366336636234373761643838633735336135
65663936336534663765663065373937303164383637313762363135363632656466376539393163
39646464616336613466643939633764323065663936656637353635366533333861393866373661
65396563373236316261343932356135633432646432393830666635613733363439353266663430
61376234613633313239353263646538373364313662373065323232653334663336356461353235
62343935613738623566663435356261643133313431643336356561653938303161303137623536
30393362373566653632373563386530636464383832663166653834343030623135386337333536
35346539653832623735656366333634323135393835663333386236373261656461323732643938
31326138363131356563616161393235346662376362643436613234623936313937656361353835
34393634393437626537383532356533373466373363306332376331656665316230623161313030
63343730633963326637363035393731353839646636613631346563373435636538663838653533
37373239663237396533626532393932326661356365343737383439363334333162303836666338
34646562333338323532313635393133353436343463636435353363306361666363616134613630
30393136623735656661343930343932306439383865306332343733623637666163363034626562
36643430323438643966613332373864633462313834646332643331356438626662613766626131
35396637386135396665373731626132316533643936303231343065383262353339353230383865
33653366386461636639313434616131643635393735616361366539623561313736373864613962
32303532376532646331323038373134643036396335333261613566633635616233633565616139
33666638343436363339613761396137316636613439663433633737613430306564356461376432
61343761383830333735656662663763393334346562643565396435346536616165333663396330
32363165376438366230656563303033353266663831653765663139313438353938663264636337
30623836353633383536303564336539623933326638333664643864663666333964353931623766
37346561343236653566616434313933323633653361313831613630626330353139336435306165
34653339333431363935393635616631303232393439323838613963663965613835313363393764
61643031386662366330333239646663316463376161343831636339333931633936343863356231
37353362323235366431666266326638383565386663326431313433396431646234316265346334
34656662643463336262306666363763656634646264653639353532373363633663353033393261
33306431323538633239616362613639366361343733643236336565613239623634373766353732
37376661343836666264376362376464616132653666303236623866313331356163643435323564
66633639326661343164383262666462393738383164393331383032633666396638316534366434
65653639356266303465376238353462323462626637333964376164653238373161356361623637
62616462633463393731656133326238306337313936373733663866356335636662396338626236
66333736383561323861623632613432323438333161323764313535623233623230636237363866
35623166666130343035616337616163613831313636346532613166636562356362356531653436
37663761393863303962396630623732343732353238626166623465633432383730333239613361
34303566353030366336303239333837333535633336336534656430663733306331323730306438
30653735303433633561363433613336313662393766643863393533303534316265343962393637
37663230633536653237316131613366313863623362366137613962613136633634303237643263
31626263653462343336313535653334333332623238316362383732653536663937666139653936
36653230353338656435396238366364643364323766663661336266636633313138636139313838
34623837386464316339636137663735653433396362333164393566386666353237613665303637
32356266303432666539643362363234313733363236363961333838336631346566316437313130
33393366346537313932393737336661313864323235323035663035616531323138633431343635
61303239383034333264663562363033333263306337653133336661353736393866333765396433
38306365313333363635363637356431353465343566663332306361323830366438376163393539
37313333633331343665396430643831343839643934383538373938396334653462373930303163
33316331663134653362316564663966383835373037626130633339346266633766656365366532
35353738306663643863326337383939656531623734626332613064393935656166303138383038
37356534376435303334653030323135376662313235383865316634316530343965373239313361
37663435303864393439376266366139613235346362376435626165396665636132316636313965
37326466353063313538613465396431633434353162323764303865383763393363623166323661
35383837316635383037636533643534333163383430363562313530303734626262303966353934
62663564613661643737363034636361366339383034623838393738366236646538613165313735
33636231323062336162313037303836616461306338653237323438396563323733633137613865
36366432353036383334353261643932636639343437656632346431386262346138303439636335
34313064623465636662376466636533353434373861376663386566363435626635626364636639
31313738333465306333636538363961343731363735343661646132303161373765643662306536
37656565323030383832333362623735633466386165383463356561333133643063396234646630
31326462343862386630643632333431343734316334313332336361353138353232346434613464
64353632396662663562383736393939323062616563316432366264636464383937653362323433
30656561363762613266393266356262336535666634623962393362396436373433393361326233
34656333313463383039313866323830333164643861316366313866616263303931343466386631
30373330386665333835376665356335383531393063393736346635346261346561376335316236
31623233653464643761663566653534663834633666626162393738376662313830383433323936
38643736326331313663376232346461383334613164393862646232366239346332363162326537
35333733663937626431316535323035653361333035383664616239663964316238633161303061
66663939636131623230643263636237346131653838343230663263316262653536613735633839
39303937666338376235613538316432393831383736613036633466663138356561373166353361
39353566343235313930306438333134613035386336343039313939366638303733373132356531
30313964346336616135396463393862613635353465303636653734313166653464626539303830
33353963313539323138393131633962363866306532356136623663633636666535633261303035
32656462613865346536643563666464396236383236343639336164333936336663313262636261
39323432333265313435623533643561313738353230353631353664633533346135343236353165
65636433396431643033616332356637653538326333383932646465313135316163383462616531
66383532353335316435633636363236366132396436316537393964313431613437653464316536
39653331323966336335616533633532643061353330356333613530346434643733666364323432
35626431316166333438326439633939643231316163383037643963343033346239366665363435
31616433393137616265373837623030363132353664646565643463396664383730306162613334
38366465393935326335353939366362313339336566643035633733616566396631633534323533
61643866613561303439623633386462396364393438666538323036353066356439646661636463
61613563653937626362386136353033396638613061633662326361376462353639613730383738
64386531646238323537636163323839646363376539303336666366653735313562363436353764
35383863656133353461653565633966383763363837643262623765643565363138336135386639
31636534663738623238386537383565366339363333393235616531393039626531346161303937
33656233623430643032343263346235643137386663666562373130343365646434323666353332
62643565623663616566313131313234343339383863343235363332393362313963653266313762
62313533366135316138333639663063653234356437396439626130663332633036313233306361
34396337643438326535636335613230616264656233336230623666626166396464303634633734
30623335333033313436363265373237363234633133353938323133353863373137666331333863
32336237616231343732623131356165643963643132323635376431336237343066383039663362
30356332316362343764303031343833393839626239383133373633363830626130663264313232
32623433656536363932623636393063356136346337653934373334383431303334393562333131
35323331663035363661666566373634643139326431616162663936383937653631323939346539
61623761663362323036343738313162356166656466643635393835646165666435666333386266
36373861313964383466326263313866383461396461646632333831363561383431663665643134
66326462373535373434623334633163326536323636663764306334353136663030646661636164
63646135323066313433336333376164323339396365333633643164393836386163326162333963
31613232666338323336613935366365386465643635343162353463383231323630633637303661
64383733663036653335313561376461323432616662376533376334343533613638303465613763
31356630633334663763333761623634356634633263303665353263326463353533313963356133
61316338336563363437643161616366626464623961653731633564376538383833616335316435
38643765306337326664313736393362656332646664623130613261663664386465393335363164
62663133363935643732363737633739313563656461363437353861313466333039343365666231
35666166643332363637366265316664643266323136303436343131313937653733333732363635
63363136346332663061343161393364393037303231373166303535663533343832623932653565
32383530356463643331353932333334363932653632373335633135613365613561653634313161
39353936623339323865303039623138313438643539613838346436623139653463653536313435
34336463636330653234653666633461646237613638383430316432623039336335316262326164
65353361643130326637656262623530343635636332323361316661653664393764373031356138
31313864346464396238386632353934356164646635626535326462313864353864316232376137
37633232323265396532643139646434653165383335333638313836326261323237343461316339
63636365623561363265326432653762376630386562623564343965323438663830303064316539
62656532323535333937643735383333623632393638326632383039346261616263636430626262
65353466656137313462643664316133353761646462343461666536633932623939356662323361
63373430616566393135313933343261313966663435656166333231356265636634363939346534
64643131336263333138313761383764626338383663656264343932303532303633353230313634
33393039323534386339366239643433313537623936333739623862656638633333376134623038
63636336373362636532356539653333663633303061303232326366663963336562613562663266
61663930323031333130313639656139653432306262616664663538663035616365626262653338
39353763663361373964613861306233346632666265333737313733383064386134646430346164
35626134653266313066363537336264626465336263343637343133623661303631376231653333
32333435343733336338313338653262663139306633323732316432366566323164616461373165
36633932353538333061396566393039653461356266666132663632383637373931326664303138
30383733363330383935666334383236313735323233323663383261343731306564663736383835
39353339336530326138653531636539663138373664326538323434373761383234386230613035
66613063653464363930366461613562633839303733323262356438353433336337643761303166
30313230623430626639366466396263346262366436626165333765633433383361646362663038
31623439373961343538656638373333346234623237653534393338373639313732303433343663
36636363666133383166626662363433336433366334313766643534376666633562303166383531
30393562393039333431653033616636316232366436653638616462656435313731343964353337
63613731333231623766656234326362356530643334303637386335313532326437666264363737
66616331373865303430373032666433323264383336346637323534643935323462376536333066
38363735336338333732333163656462356263633936656533666233656235353733343432663263
39633762613738326135303164663035393438313231636166323739343162363938623931646632
38353961306131343438316462353639306333363936313161653438316335353538363736663835
35323037646633356333616461653039333234356531636264353465633261303231623337653739
34613436363535373361633632626162363266613439333238346136613763653866396433323963
61626330363733363932393061383864316166396237393433633637643438383365623062616439
31393665386534336166366339653665653433373031396232353365656135333530363564656438
64623864356664333166666238316434613163303437636464383264653033386138333362613362
63306365343639656661326466343462613333373661626439366132666661636138393033303663
33613364336636313030666235353031376436646236646564356662316463623537343934623430
39333066616565393463306663313966656633313665306436316366633830373338356163393833
30316234353834346136663562353061646333323538633464323238346636373435613030633865
38633365326636326532626363376665306434326631366239383861356232313339353466623562
62393933353062643934646337346564643432336161626335623433323037373931666138323164
32383834353465353131613261363766336632323735316538623762616436303062386637373632
37633962386266386336346563316635376533333332363766633930356465366336366435326639
64656638363632653334323536663038383935393132626536373132663438653662393264346530
62306534393636653764303361613462323839336334336539663637326462333636356235666333
30353762343638306564326662643231613138653334356463386165633335653063636436613734
35316233336630323762363935653436353664613839353532333237396334313038626131313233
33643064666565633134346434363035393835376265333936346165333361616365386162393631
39353361653732663866643266323031333832613065306263383661666439346364626231386633
33663065646666663835663465303935333761353636313037636537323564643666356638326434
62376131643831393733633739373034323537373536396364323436353533353362393964366662
66303466623733636130323065363137323733303031633765643662656537316463626162303735
31306533313163323063343631626637333536356362383434363936356134323962636132363463
30306537663661626432306339663430613939343764663036363738393935613736326533646366
62313632333730366533653933326432373263396638386539303735323963623835313337323933
31343265316130353639326238323639636233386538646238613737636430343061343835303037
63323630383030646334613837353030356633663038326364393865646430363635313830363532
30393163656138653235356663656337306466323661336639376166323061613331383935346630
36393937626563376430336663313761383039343438623361363435663762303962656631343732
32363730333634363738313262356130303361366236613338633563343031656262373430353663
32333062633866343066393239363839653132663363323064626566396638396439353063346133
66353731663734653864636634313132326230646536386166306462666163653736346232316538
63383364393838643033386237613734333364383462656133656534343363376639336562636164
37633964613466303734373233646466393737343730363635363035663632643561323333663030
35326265636165633565306439613636613665623461643639306136633062613863353438323834
31643933643362323536333538323338646634333863646563303863643536366431356363396163
64396233376365356264313062306431363462306131643561663365653965313738326166376666
38383438313564653038613566356632363563663937316431393137613066663635623934623937
33353764323336336536633633306131306365356530616632346666396364626162616539303965
65316230636565376535363163663733633637623563376163626664303931346236373036396532
63356636663761393539376336333866313764323063396434313630626266656230353831323835
30306136376266326561356262326537303666646634336539346539613737366231306265353137
34376536303837343539316235633862326437643764346264636232373534383636663337653430
38633437616435353865376630313635386639323039336365646165623063313831343463356263
38326361356638623864356638376661353166323632313839666562346132353030313339396261
31373133303833666466383863316130636565666466373939633833373237326665313165303464
62346336333534653235303561666166356137393531303136393232303061646633663663323365
37613534656437656533653066323635383339646436616134633162346330626230623637646535
62386436363664366236373139626266343130663438333838336664633338343766643064323538
37633935316664636430373765323637663764616330323533303733333866616464373865346333
38396539356536613064343837393161376537333163326564306230313236616264396563626564
36666663323865613537373736386132303833336630633332353433306436643033323433346435
38623837633034363566613531356235346561333430333266373266313538366636306162386236
64656233643635383736336239633033303134353236333235336434343564323362363964376664
30333666333432613661626230613633643436366338623064326666393234323338343836316166
33633234306333613163653164393864616436646335623935346237353165616633356635303336
32306365323266333234313230623137663364356464306562643738326161383931666362383438
32613032376565666238316131383663343939623465346661393839396637666130386137613437
63653435346433373966313434366132626462313361313264623261653739306132336137313662
33333138386363646337653664633639376537653337643833376361353633393938323930323763
38653461613463393939326664363131643333653332336336643431333733623264656635333232
30343437353264343933666264373130343231396363633231623266323633366130663465636538
63653434353136383534643362636238363730323265646239616264393234333430666662313036
34386264333935346565613731383865653263653933313163663936323063356235356161303962
63323366356362636133636237376539643062616435653630373336383965323434313634623866
33373536303039393763343363343334656631343162323234633135376437333035383765613363
31383666373065653938663839373435646266663135643963343930316138373933336361303732
36353834306264313166633331656563663239666664316533656232363961303130313161343161
38636134386366343432363734616364386637333735346264633161626563633932623433333661
30643839633339623938333232373562616266623633653365303235646433646165353763303035
31393265353832363833656366323334626662363731636238613361313165636334623062636539
65646461333066636134323737383337643537343235333262383032653266326135663734383036
31366636653432626437613134633239663266356332353834343239346530663265366231323630
33333531393064306636363462343537356436386535313664346534363435313231386366633933
63353833643432666666323235393762313835663331393333653137333430646636303266656133
33656531646139393361626664386239343331323639316232323363326437313139346162386163
34643332393535346531623436343134323961323331313834356532333937613837646561376566
34343238396339626632643733396363333962613534653931323662383337613632366434623666
64326137656130353063646365353466366163313333323161646633643931613562306639393464
31306637643364663764383333653238333333323134616530386262303062343361343666623631
62623964626465386364316166626163613832643332383065636665386262626137663337633633
30666465343930303862346430346331386161303165373666636237303530656365353763643366
31363137343138383333303562343265643462643939313934376330363735316634353432336565
64643230323263396536396366623864313964323138376132336136643432653439323462353438
38633736663636626363653364316634383466623766323539333537653830646161633363333737
36343764376363353566653536303933663530626161323462616165376662313261373137646134
35353237343462613764393730333865623432636462633439653037326631323564666335613030
31656638653564336363663961616135306536323631363263646564366562336666316263336466
65393066646330363861313635376438313135356664383732623330616361643230663133656335
38326339623134633166326635373939393132653839373332643266666264616531363566613430
65366338356632343763356430396439383661396364363633633532613864626565653565353663
34613765623331386533653335316538636461393136323863366261663939356363396536663765
35333866333065396465396162663161623066626363663964656565613130333031613238653263
61323832303239653230313665316136616238386366653839663666653736313639333831613033
39376233376639643535353533373762646161306564326539333838363265383835383631333432
65363738643636353134666166646434613761306539303965383232313538313530346336393530
32613334643030373634303837613961323462636137373465323338326637306234626439643230
64623863313136663164353566303939623464363866643236363464356637363466633932373965
36383864303631333731373037346261393434643334653935613532643662313230393462346637
65653634353836353834323735613337626234343130383230356264616132643266346637623861
38373561643761316334346135396564633232616436626464646433343064656361633839643436
31646561316430623237636234646363663536336366356163613336336537383566366337353631
32396636333737653263346337613332643339656433636230393134666239333839343066343963
31613630363231376265383736636463663563623338376539663162313330303066363533323034
36353538363030313965656465336366353431613635373930633163643863663130663531393935
35386134353737316666313934396333613166633134333866623839343763303061396330376536
35336238303264343137666464646566333439346461363466333061316333613031663530643632
34356339386236303938353163636434633030386632333264623531363837353266346536353637
31343331393130626236623430623664636131353934363230393738613462303239376666326465
61633066303830373163303062343631633437626536646535393365336464323330313339393363
64316462353230623632356133616337313533333534346234623061643336313965353437336333
31333761666638626138656337636463656632336237303965373437613831303038353834386637
64356130326665393564393535383166313062643766623561373035363161613230346661316633
65323833336338663031383138643333303036613234303831656532653065383762346531323062
63383739336438613637626266393238306332326130663061373062373239346465393130306537
36353136343136393464336335383462356337656166663166383266626464333630383430333636
61313731656231316462323932393734323161343235393234313061376235323661613063323531
66643866613339346136613161363964663635633261633439363135386535303437343136373939
63633962343166646466653166323536313062616532353061343831373665316361666138353336
36396638376235363238363939393133353834613662326631306662396436623161613736313433
39303335366636323337363263616137623433383534643932333063363331346136323132633931
38313265353264313335333461643737666563336232623436643231336538623238363536396438
33626161643434356465393563633932656233656536343163313066666364613636666164323738
32346363346237326432373735313434613261376137376164616464326630633262393836656632
33383864323737636364656666333065663030313839383139306661393637393763623465393730
30313138356134306462306137626464323131613562383737623666633235393538613464643230
31666431393439613064663935373764336132303031626235323062333766336530326432336236
36643963616632396436313432316466326630646137333736653862376239653364386137393161
31373063373035623737633465316635376665653666626236633962613733643939656236646330
63653061353863633436303663313038396464373437353462333661666130616665323336653433
32656463613430626436633236303834383562393561326335653263303263333663343632613936
31626432353565616261393864333465653565326139383737623562343461323366303734323436
61373830396537343932396430633334393134666236393339666236333261353666656538306239
39336166623566373933373231623536643537656330363436626439373030613734323331333636
37633732373862386366613430663861316637333562626663366136363536363835383962323433
64323033383634623434303032356663386338373664623764666364663631303231646561643335
39666634633534333439613139393339363031653365323232613235306430643935383937386534
65393065653266653162663465356132623861363736323338663733643766653234333561326339
66656639343964646663323766633237646332323235316138376434356230383738323735376235
37666439383163303839323238333463333636346163333536643836616165333837386234343734
63396630633061306337353531346632613231383164363133353135663365653066393836316563
34653562373337383662313339363232623435656139616435346131613238393065613939343530
66323031336137653638366133323966333166636163383734383164386362313136613366396661
64613433633864343564373332653733303039633331336264636333646337656637353434653831
61316466303336626439323231333765393334373262386138306438383136666264656162656464
34666337343831376431663163386137663632666266613638386434656136353364303334306336
30663464346562306265303238626665643238656238353937346462393437383239373832393763
35633139373639346333636263303432656661383138353935643436353534363063346163376436
61666632343662383361333961383430356562313837383737336433306230633265613735666432
63323535623439346339363563326335366364653033663330613438303737326365303863623634
39633839656664303036393265313831303562306631623163616464643333363630616266396431
63663962323237353765323761613139636130373430646563393865383234626333323864643330
34313263396538393230636230663230363663393063663231356566393537383337326230666630
33343665636134616230396637316665366665623430303563626139663431323362383736356131
65363332633035346530323735343162643630613934613332656361666662386662616131303135
65653461353166393262306161613562366665666631386562393539306431626662353430373238
30376163306534313263333933663831343636626537653632323838393462623539363164346631
62656237393634663534373562666662313866306166643335336163326266663665363834343534
64626237666135303137343637373636376233303234646435666564323061356236633335336639
64306535366239323764313939643966656238626437393831363130363333323032613038303235
34613539323337373762383365326533663330613365363638346433306539653534623937643432
39626333643239643363383033376236303731313539643761323933626338363433616463636331
62373163396465353935623462363064396163343963643930373065663164653638643962333034
63643361666230653230663862623965303537643930616166646430343332366631366238366263
35616661633864616232666137623237666662626238623362343136656137316635386331303633
36643565333766306337343732323434333966376535353535663331623465643638393436653666
37323735623936376432646538616233623866633564633637623734663532396665313338643136
35303562326334303235663733373265666564313836313434326230363464616366616238323131
36656263373437353963383666663464356365663239626565636530616234666332326665303036
36653031616663356336393432646439386637306633393465393934656461356431623766333333
64626664353339383965373834323161663133343662306536323063373666633830333235633565
62663764336430613265366563376165353034323237326663313462636539366534373330616666
37633439363939356462613731636431636536386363656534626231396166356430356636346634
30376637646561633332316131323134373333316164306435373538623634343362393939363138
37316334636263323263383231353931643162303363373761666533333538663531646364393332
65383939643261333361653364636337663539653961396463313435353738663830383864643439
62303966316530346164326533363362306231336534643764313338343666323638343031316261
37663735366139373833656662623565313932633061613736323062363931663162343836303237
30376166666231663635303262643266613561643337613433303439656433323938386235633338
33633632313134353237333861393438303934623632646237333663333936613733616462616438
61653065616261306638396164373030376666376465626138383665383066333064323761326335
63636135663031666363366265663534326462373238313265613862346435623332363761643636
34323463303933333962326166303833373934323230646230306162373466656164313139333738
63623037343437306164383136626462643661306261333339323236613235303164643639333832
63336236303864633933316533666431623563653266336133363430383937306333313039316561
36386364633936333162323433623434386632633764643133376330376266346338613962323834
66383034313334656162613034393837616233363636613762313538303262383638613063356230
34383736346638333561616131366335373732656430313235303166316631663335353564383433
34366438363537393262313465343238353966346662333061613764303938666534663564323234
64316662313432666335646364306631373861383061366562366561633031303239326639656235
63386530666634346139613438336635373135363434326366343431333739343965333232663930
34613537393933333261356534316461306433643161663439333266306663643562653461373637
61333836653639613835623333303762613237316431386337336665646330346266363631663930
66323131626536383338346238383764663666623830336262306362643533626339633236373334
61386363653530343763363039613761653333623535303331313361653761366632616232643730
30643031333638613066656139303335386362643533393837343064363665396135343061666233
36633633633430633636636263343262613932376563306138383235633862323262373835313166
34616165343666393563333366346662613431393632323765396537323565653965313763336431
64333765613966623061376663643631313066666365623237376461616264306137656435666561
62643632333936636136383335663033383161613338383662326436656163353138636332303565
64363331656565316566373230393430363138653033666431343561313134643962373262323631
36623964323066313862393335393237343635653463656232376439646531653361333264663263
33646639333866376165326133636434373936343435613931646133366631633332656332383838
64653631633262373666343536373634663238643334336331653831393933313934343230326635
63363265646666613964363839626239343937383530653735626134636161316361383736613931
61343237663239656164633033613565636533393164366263623835336561336332366266306566
65383939343239386233353437363664386235303538386566643766646230353033316334376635
38373138636564303034353331343732616437633931373961636338306230666631363161373238
65336534616234646530303065666536653838623962343939666336303137323033663430396162
33343863636262353265353463303261376637376530363363376239326531303233333432326366
36363538643734333166613365643138656538383530613032366337613937616163363538613838
37383630616665623866353861613636653032333935343037373037363665303964646434646438
66383534343435386237373338613463666164386163336463313733366466326666333564613539
61353339353232643966336262316162656636333562646466653139636364333438363133643230
39303466623533343133393861383338613537663965613034313039353864376666303965386134
35633566613762666531356435373033663036656562613036636466336561306232306333373430
63383830313062613630646432643734336662626435363538333531633334313462303464633430
33306261333932613663653963616263343734313239623135666165333264386237336464633933
32643566636661383133623663353031626530663065326566663665393136303732323133643432
39323665396562346265313236666662623061363963633833323331306533653565343834386334
36653738313132333330663765356337306136376132383537623934343865386331336162343063
66666334643439393935306531646462386166326161326335343738343539633531623264663464
62633330336462303735313534383033373036303439393762353539353861623432303936366265
35653362353263386630613462663930333135376563656461303966653961376531346163656663
30336339356361633336316262633762303664396334666632366363303735613530303631376232
65386530303833313538316166656162633464366637633263363966653865393362613537633565
66333862373134613234356639386138646530646632613936613363323863346662623630303962
38366538383436326335363635313339326330643933376133326238663032663765633464663066
62383930376136643362633165303935316138633763343230313334633162303262666461323830
63343635613766363330343437393334393537343765323731343861303136613435343738393463
66383338393131303534656562656432363363383861663636633837396330663937646536336637
37346362633532316630333138383837326465353164386132636163623238393363333933643534
36393733346266376464383331343332376437303835366364323565633439336331653764303265
30613263653539333662633863383263633761386565656135346266393530616263383837356163
37343131643136366566396132613563353537396465306339313133313534653061653665303237
66336133393331663131653162363733306437333935373631623737316466636265616434626439
34323532613431373536623532323539623237353166396165613130356264393465323130373466
35336238623530383364323863376239633934333234356663326639343833666534366261656366
35393234663334353737386434343164633833633339383865613162333662396638326638396361
32626265663663313966626236393933336538626365346230626131306339663063643237643434
65373264653264656430643739333336303433383837383764623038353264613233643931633531
62366163396362303530656364666633653765353832303662306266666434313463626538313465
34373535313433373665353537326134633536326361623765363438633534353633316339383463
63336162663639643062313036366134333535653461323838386363356631663534613766396336
32656439646132333137653865366465643237353962353832313930386236393535323633323731
31646533393939323536326561343836383236613034306633643164356531353131643366303031
38653430363635353935346334653932383730643565353230363334336135373933353863313536
32623932346634613230333839626438323231376365666230333131653539303164323237323837
65366263343531353530303465396533386535333131386566396436363436393932626136643334
31663431366435306463373730663462356536323432303533386363323963316662353666333437
36333135316437326564366531313030663862616665656365376231653262373032376530616637
35613331643061306230383039363131346630366536623762393832643661636131636331373864
36303562333236643237306634616265646537363236396162326164333364303834323332656661
33316639643632633138613162303264616534336133366363346136323066656639653961636166
64363565633037373630326661366165656563396534653565396331643937633338313161396363
64633831613661623861383230663931386330313036333237616536343962356233663935363736
64393138313434643731313935393938366132303438353638663235373836363637646339303763
34666565666431613534333534366366633133353439393638363830393534376166333539343161
63343864366431626637663134363365336433653463626237666335643835663130393638393364
36376432613732393836646365333832363436623832356136393533626336333564373531363639
64343262656432396332623635636461336130323537333438613436643235306366313239623531
36306639326134393737346362353231636165636635633935393061643361613266626538316464
33383831396530336665363636313638646534383537663666393065393261643464343936376631
34346365363861346636376166636161663939353764663062623531323662396633316237366136
32313733393636313338663561313461313466383136356264316131316535326361643437393563
36663265306439373931666561343463393330663434386263636265316162323234366332376665
34393233323030666561366339663636636663306337353565326436373031323262646234333231
39336635383532383262366434623732363139336334616132363935623635336564333536333835
62326331366331303239373562376236353234346235373864626432363636633865343734643734
62333865356439356464326238373831373532386136373964663337396462623433383037323466
35353061303561613233333832623432613764373539616235663666306663333936346664343336
63373661663235346665363032313430646461393366346430386364316465666162616163306430
66646566343633393336326462326135353935616138313365386266393563646163636461636163
64316363323564663331356635373663633533316431336463343366653533313438326231646234
39633533383632376238363165323663353135313463376461333166356538363433346231383565
33323937666163616236623239633834656263663232363939303038666436373935353233656239
36393739396265666466356664656339353035316564636665303062636139613661333537666662
34343230396235373861363535383465356231303035643735646637383664303739396565333630
36363464306431646635383664383062643737353161633963333730336666383430613732306361
37373661343138616138613462653432373663353030303665643939613962653037323165623866
33376238323933643566643132326234326663386662303862393133323663656531653730343033
61643032376231626361363962373630613833333638666666613139633035343231613134383663
62653166326562353365646535323066383462323036643265396237616432623430623539613464
37636130383762366530356134613536353263613039373262396565666235646162396637303363
34666534313465366134343066343233343431376135653333313165306665336634353635396436
33323030653336346131653439646337356464313732663834636563633339613635663763393830
36303733613032306662313862663637653738353838343165306234646532383965363765663634
30346534666636373637303636613730393637396266333130646230633065343038636566393539
31313637316133623331396164663831626465613135663238653365363963336630363032653661
31613663386131636162653566323863323763333332343630636461303962336163663137666466
39656131393836306132356136343634313035353035373639363966323733343736333036623138
30646532623030383638663337663563343835336264373437386333396238666335303762313937
37613830656139623965393537643339663063373031373463653165336663313164303361623166
39643833663963383730316536653531366562386534303161373662353566363464653436366431
34393136633963663063653631353564623963323538313438373032623333623661363262353565
30336438373765616432363465323131316239653031333037393932303436343138373363646361
31313464326637653033386635656164663866626465653862613063643330663038313563643138
66633837366138653534646366376164366435663662666137373737623530373437396331306638
34303731666233636439663932313034303839663665643266393933616236306266393263623335
32326461643730376162656431346433343030326563363538656337353437633965663538646662
63336561643731343837393536343631393036633039613961663536353331353864346466656235
61303933303362646233376336643735396637393636363062666565323938313262383362663961
64633530386261303137303735613836663239363930626131366264653665346337366238386430
37646235633735383830336332666165383063663632653834313932323135383139346532366130
32303034346231323065613661353931363164303661663663306164333537316362643165363765
34663633343533303034383837663230656237356431333134613037336161393235343963653438
66393864363937376461386261373362623031643233366338383063386163663362613838633331
34653837663464633562386663326534626433313632303664356263333238663166636561383334
66303336383439373264396131333735653432353465303465386164333036653337353034356336
66666633383337616437383437316466663231343066653763316164633165643063316233663534
64663433303966336461333032333461663331656431366432316436376462653332653938306161
32313630663033626232303035373131643466323834303637376532356263373037396135383061
37663134656337666636326561313738383136316430343461363538353562353165306137313464
66636563623961373463373663653436303933666561303836386232656665653562343163623736
34636139336661363439646432363461626363656133316237363939383362373039316638633834
64383430333233656266653364316337376637343863393438306166663032646338666335663735
30626536323131656464343635366338633735666135653336373931316530356363333237643032
38396538656134623063303835343830343765333466363336316330666666306638363462346538
36356136386565303132363766623466383332333739353132643265343839323164323764616465
39316361316262633334346339636365333865616239356135623434383663623639386331323139
30353135666435653333613339613161386539663362353132346137613434663661376662383437
35316339646165383435303538386664623565613130633639626630376632303138336636373364
31303731373739633737303236336336643031623036643635313964616333306138326563323134
34396163316435313232396532653133306461666131383664663161306665616461383138303432
63636561666438666363633561306638366335353365383265373639346461663839376465613161
34613337306264313835366461376238643235663565643962353866616463613065343633626530
61613634303539613962626564353237656332633439653232656538316537616666646462646338
64383663343931623236323764353966383330386263316133363264353735366566366137353961
66393039616138656237386262653434303638303463663330633731643762346635633333326239
64313534633632393638633735663263323333373266663135313932636563653633376639613763
38396266373338653964313064633664343161663937376634336630663538343365336434386664
35376665396564613436313133303438353739303532626464306239316637616361643937343163
66306536643330316161623066626163656432323938646537326438623265653738373062313037
65366339623631353061626630323737326264316236653730353138613465313632643438646331
39396638343835356639663463353238366337323661636564333464666137633962356339613330
61393561653762383634386165396565656266666637616538373332343436393262306261356536
61363137303138313862663734366365383262363537616538333462646230383635316461323966
32666134363738663561666364653839396234613831383466623666376435326339663937633637
62666237336630363833636631323063383334376362303132336665353838363862393861393430
65653664323265613538363165663466366537633162356239376464643331336237636637353233
38656562666630333837333934316262323730636432386665303238353764353936313563656336
63303462306637323432313866393330383861336331666539393664323237363361646364666336
63313861343434613937343635303763626366663534653165616463616437336135613764386335
66313839353462353837326436393635363233306666656435343661666362373532363965616435
39633233373136363639643231343664616261303532643531636433616537363033313132376535
31623665616434333065353265333632643063353332646138363830393365383330326539346565
38613938656530393562323866393862363030653136326338333436303733323033303536343334
63613632313935366233363136343130373736366166616537396364336131353531306139333438
64323262663266626163383662363063333931353964663965356463656264333364363232303637
35663836663731656633333666643836623939376165326536646336366438643563646365393139
30316237623132353337316563383039643266636339653233636364353439303937663165316439
62656338353462343031626238646663363965323961323732303038656133623464643365346436
64333738383930383632613737613164613562666362666638373433363462313263373862643637
35323737663235636461653164636239316362656337393365323562386461396638386662396165
35663536303965336562376366393435333539636330643839363338353939333266656464333837
38323239336530376438376565663536323033376666323731616565373734666561623865333838
32616237326562346164376130396534393765626138313361613132653964623439383933623066
66353763613932353635613133363433643737326632313531626433376236636637343439393234
64333064313839633637356535346165393938346234303661393730653761303665653136303830
37373636316563313965316334636637633062623164396338663266373439613762633866393933
30356636343862663462326136633835376233623536343063343962393462636461633933313537
38396465613461666132346665323762663434663734383762313831343339656230326438653235
38353834343934613931613165393435306535303834323232643266396134303838
